[gd_scene load_steps=7 format=3 uid="uid://q0y7di68njdi"]

[ext_resource type="PackedScene" uid="uid://bw0teu0b2b8br" path="res://scenes/player.tscn" id="2_lf3g2"]
[ext_resource type="Environment" uid="uid://y5epr6n2gww2" path="res://textures_gd/sky.tres" id="3_5rhuc"]
[ext_resource type="Script" path="res://scripts/Skybox.gd" id="3_uf0us"]
[ext_resource type="PackedScene" uid="uid://bxolkpevgkfin" path="res://scenes/GUI.tscn" id="4_qpuro"]
[ext_resource type="PackedScene" uid="uid://bfb1wq1x85dyl" path="res://meshes/map/map_new.tscn" id="5_srrfo"]
[ext_resource type="PackedScene" uid="uid://bomcy70potswe" path="res://scenes/characters/wildlife/whale_1.tscn" id="6_uyjgc"]

[node name="Main" type="Node"]

[node name="GUI" parent="." instance=ExtResource("4_qpuro")]

[node name="Skybox" type="WorldEnvironment" parent="."]
environment = ExtResource("3_5rhuc")
script = ExtResource("3_uf0us")

[node name="Sun" type="DirectionalLight3D" parent="Skybox"]
transform = Transform3D(-4.37114e-08, 0.707107, 0.707107, 0, -0.707107, 0.707107, 1, 3.09086e-08, 3.09086e-08, 0, 0, 0)
light_angular_distance = 2.0
shadow_enabled = true
directional_shadow_blend_splits = true

[node name="Player" parent="." instance=ExtResource("2_lf3g2")]
transform = Transform3D(0.258819, 0, 0.965925, 0, 1, 0, -0.965925, 0, 0.258819, 940.093, 61.5, 499.492)
floor_max_angle = 1.0472

[node name="MapNew" parent="." instance=ExtResource("5_srrfo")]

[node name="whale" parent="." instance=ExtResource("6_uyjgc")]
transform = Transform3D(0.258819, 0, -0.965926, 0, 1, 0, 0.965926, 0, 0.258819, 901, 59, 594)
